  0.999206E-05  0.201262E+08  0.201262E+08  0.268209E+08  0.268205E+08  0.000000E+00  0.201262E+08
  0.121514E-04  0.201262E+08  0.201262E+08  0.268141E+08  0.268135E+08  0.000000E+00  0.201262E+08
  0.147774E-04  0.201261E+08  0.201261E+08  0.268042E+08  0.268033E+08  0.000000E+00  0.201261E+08
  0.179708E-04  0.201261E+08  0.201261E+08  0.267894E+08  0.267881E+08  0.000000E+00  0.201261E+08
  0.218544E-04  0.201261E+08  0.201261E+08  0.267677E+08  0.267657E+08  0.000000E+00  0.201261E+08
  0.265772E-04  0.201260E+08  0.201260E+08  0.267355E+08  0.267327E+08  0.000000E+00  0.201260E+08
  0.323206E-04  0.201259E+08  0.201259E+08  0.266881E+08  0.266838E+08  0.000000E+00  0.201259E+08
  0.393053E-04  0.201258E+08  0.201257E+08  0.266180E+08  0.266117E+08  0.000000E+00  0.201258E+08
  0.477993E-04  0.201255E+08  0.201255E+08  0.265147E+08  0.265054E+08  0.000000E+00  0.201255E+08
  0.581289E-04  0.201252E+08  0.201252E+08  0.263625E+08  0.263489E+08  0.000000E+00  0.201252E+08
  0.706909E-04  0.201248E+08  0.201247E+08  0.261390E+08  0.261190E+08  0.000000E+00  0.201248E+08
  0.859675E-04  0.201241E+08  0.201240E+08  0.258116E+08  0.257823E+08  0.000000E+00  0.201241E+08
  0.104545E-03  0.201231E+08  0.201230E+08  0.253343E+08  0.252916E+08  0.000000E+00  0.201230E+08
  0.127138E-03  0.201216E+08  0.201215E+08  0.246433E+08  0.245815E+08  0.000000E+00  0.201216E+08
  0.154613E-03  0.201194E+08  0.201192E+08  0.236530E+08  0.235646E+08  0.000000E+00  0.201193E+08
  0.188026E-03  0.201161E+08  0.201159E+08  0.222554E+08  0.221310E+08  0.000000E+00  0.201161E+08
  0.228659E-03  0.201114E+08  0.201111E+08  0.203276E+08  0.201568E+08  0.000000E+00  0.201113E+08
  0.278073E-03  0.201045E+08  0.201040E+08  0.177585E+08  0.175325E+08  0.000000E+00  0.201044E+08
  0.338166E-03  0.200944E+08  0.200937E+08  0.145089E+08  0.142267E+08  0.000000E+00  0.200943E+08
  0.411245E-03  0.200800E+08  0.200790E+08  0.107161E+08  0.103938E+08  0.000000E+00  0.200798E+08
  0.500117E-03  0.200594E+08  0.200580E+08  0.681452E+07  0.649713E+07  0.000000E+00  0.200591E+08
  0.608194E-03  0.200304E+08  0.200286E+08  0.354710E+07  0.330774E+07  0.000000E+00  0.200301E+08
  0.739628E-03  0.199903E+08  0.199879E+08  0.162261E+07  0.152761E+07  0.000000E+00  0.199899E+08
  0.899465E-03  0.199358E+08  0.199328E+08  0.987562E+06  0.102468E+07  0.000000E+00  0.199353E+08
  0.109384E-02  0.198629E+08  0.198593E+08  0.657244E+06  0.719514E+06  0.000000E+00  0.198623E+08
  0.133023E-02  0.197664E+08  0.197625E+08  0.202951E+06  0.236971E+06  0.000000E+00  0.197658E+08
  0.161769E-02  0.196405E+08  0.196363E+08  0.101455E+06  0.000000E+00  0.000000E+00  0.196398E+08
  0.196729E-02  0.194778E+08  0.194737E+08 -0.321883E+05  0.000000E+00  0.000000E+00  0.194771E+08
  0.239242E-02  0.192700E+08  0.192659E+08 -0.152949E+05  0.000000E+00  0.000000E+00  0.192694E+08
  0.290944E-02  0.190078E+08  0.190034E+08 -0.160477E+05  0.000000E+00  0.000000E+00  0.190071E+08
  0.353818E-02  0.186810E+08  0.186760E+08 -0.322084E+05  0.000000E+00  0.000000E+00  0.186802E+08
  0.430280E-02  0.182788E+08  0.182732E+08 -0.225419E+05  0.000000E+00  0.000000E+00  0.182779E+08
  0.523265E-02  0.177901E+08  0.177836E+08 -0.188945E+05  0.000000E+00  0.000000E+00  0.177890E+08
  0.636345E-02  0.172037E+08  0.171959E+08 -0.143648E+05  0.000000E+00  0.000000E+00  0.172024E+08
  0.773861E-02  0.165085E+08  0.164986E+08 -0.937917E+04  0.000000E+00  0.000000E+00  0.165068E+08
  0.941096E-02  0.156954E+08  0.156829E+08  0.550434E+03  0.000000E+00  0.000000E+00  0.156933E+08
  0.114447E-01  0.147499E+08  0.147336E+08 -0.317308E+04  0.000000E+00  0.000000E+00  0.147472E+08
  0.139180E-01  0.136708E+08  0.136495E+08 -0.118981E+03  0.000000E+00  0.000000E+00  0.136673E+08
  0.169257E-01  0.124440E+08  0.124164E+08 -0.164947E+04  0.000000E+00  0.000000E+00  0.124394E+08
  0.205834E-01  0.110839E+08  0.110490E+08 -0.322057E+03  0.000000E+00  0.000000E+00  0.110781E+08
  0.247001E-01  0.971751E+07  0.967577E+07 -0.891143E+02  0.000000E+00  0.000000E+00  0.971058E+07
  0.288168E-01  0.853036E+07  0.848413E+07 -0.141772E+03  0.000000E+00  0.000000E+00  0.852269E+07
  0.329335E-01  0.752413E+07  0.747619E+07 -0.801694E+02  0.000000E+00  0.000000E+00  0.751618E+07
  0.370501E-01  0.669366E+07  0.664680E+07 -0.532201E+02  0.000000E+00  0.000000E+00  0.668589E+07
  0.411668E-01  0.602502E+07  0.598161E+07 -0.416464E+02  0.000000E+00  0.000000E+00  0.601781E+07
  0.452835E-01  0.549449E+07  0.545623E+07  0.000000E+00  0.000000E+00  0.000000E+00  0.548814E+07
  0.494002E-01  0.508094E+07  0.504869E+07  0.000000E+00  0.000000E+00  0.000000E+00  0.507559E+07
  0.535169E-01  0.474845E+07  0.472221E+07  0.000000E+00  0.000000E+00  0.000000E+00  0.474409E+07
  0.576335E-01  0.447006E+07  0.444912E+07  0.000000E+00  0.000000E+00  0.000000E+00  0.446659E+07
  0.617502E-01  0.422147E+07  0.420460E+07  0.000000E+00  0.000000E+00  0.000000E+00  0.421867E+07
  0.658669E-01  0.398625E+07  0.397197E+07  0.000000E+00  0.000000E+00  0.000000E+00  0.398388E+07
  0.699836E-01  0.375418E+07  0.374107E+07  0.000000E+00  0.000000E+00  0.000000E+00  0.375201E+07
  0.741003E-01  0.352169E+07  0.350854E+07  0.000000E+00  0.000000E+00  0.000000E+00  0.351950E+07
  0.782170E-01  0.329098E+07  0.327701E+07  0.000000E+00  0.000000E+00  0.000000E+00  0.328867E+07
  0.823336E-01  0.306781E+07  0.305266E+07  0.000000E+00  0.000000E+00  0.000000E+00  0.306529E+07
  0.864503E-01  0.285883E+07  0.284260E+07  0.000000E+00  0.000000E+00  0.000000E+00  0.285614E+07
  0.925921E-01  0.258590E+07  0.256888E+07  0.000000E+00  0.000000E+00  0.000000E+00  0.258308E+07
  0.987339E-01  0.236908E+07  0.235271E+07  0.000000E+00  0.000000E+00  0.000000E+00  0.236636E+07
  0.104876E+00  0.220654E+07  0.219210E+07  0.000000E+00  0.000000E+00  0.000000E+00  0.220414E+07
  0.111018E+00  0.208490E+07  0.207306E+07  0.000000E+00  0.000000E+00  0.000000E+00  0.208294E+07
  0.117159E+00  0.198588E+07  0.197649E+07  0.000000E+00  0.000000E+00  0.000000E+00  0.198432E+07
  0.123301E+00  0.189122E+07  0.188354E+07  0.000000E+00  0.000000E+00  0.000000E+00  0.188994E+07
  0.129443E+00  0.178867E+07  0.178170E+07  0.000000E+00  0.000000E+00  0.000000E+00  0.178751E+07
  0.135585E+00  0.167729E+07  0.167018E+07  0.000000E+00  0.000000E+00  0.000000E+00  0.167611E+07
  0.141727E+00  0.156413E+07  0.155642E+07  0.000000E+00  0.000000E+00  0.000000E+00  0.156285E+07
  0.147868E+00  0.145727E+07  0.144898E+07  0.000000E+00  0.000000E+00  0.000000E+00  0.145589E+07
  0.154010E+00  0.136378E+07  0.135528E+07  0.000000E+00  0.000000E+00  0.000000E+00  0.136237E+07
  0.160152E+00  0.128841E+07  0.128023E+07  0.000000E+00  0.000000E+00  0.000000E+00  0.128705E+07
  0.166294E+00  0.123034E+07  0.122292E+07  0.000000E+00  0.000000E+00  0.000000E+00  0.122911E+07
  0.172436E+00  0.118382E+07  0.117738E+07  0.000000E+00  0.000000E+00  0.000000E+00  0.118275E+07
  0.178577E+00  0.114237E+07  0.113684E+07  0.000000E+00  0.000000E+00  0.000000E+00  0.114145E+07
  0.184719E+00  0.110082E+07  0.109592E+07  0.000000E+00  0.000000E+00  0.000000E+00  0.110001E+07
  0.190861E+00  0.105591E+07  0.105129E+07  0.000000E+00  0.000000E+00  0.000000E+00  0.105514E+07
  0.197003E+00  0.100739E+07  0.100276E+07  0.000000E+00  0.000000E+00  0.000000E+00  0.100662E+07
  0.203145E+00  0.957793E+06  0.952987E+06  0.000000E+00  0.000000E+00  0.000000E+00  0.956995E+06
  0.209286E+00  0.910386E+06  0.905413E+06  0.000000E+00  0.000000E+00  0.000000E+00  0.909560E+06
  0.215428E+00  0.867866E+06  0.862858E+06  0.000000E+00  0.000000E+00  0.000000E+00  0.867035E+06
  0.221570E+00  0.831855E+06  0.826997E+06  0.000000E+00  0.000000E+00  0.000000E+00  0.831049E+06
  0.227712E+00  0.802205E+06  0.797655E+06  0.000000E+00  0.000000E+00  0.000000E+00  0.801450E+06
  0.233854E+00  0.777007E+06  0.772845E+06  0.000000E+00  0.000000E+00  0.000000E+00  0.776317E+06
  0.239995E+00  0.753839E+06  0.750048E+06  0.000000E+00  0.000000E+00  0.000000E+00  0.753210E+06
  0.246137E+00  0.730841E+06  0.727331E+06  0.000000E+00  0.000000E+00  0.000000E+00  0.730258E+06
  0.252279E+00  0.706934E+06  0.703581E+06  0.000000E+00  0.000000E+00  0.000000E+00  0.706378E+06
  0.258421E+00  0.681899E+06  0.678594E+06  0.000000E+00  0.000000E+00  0.000000E+00  0.681350E+06
  0.264563E+00  0.656468E+06  0.653147E+06  0.000000E+00  0.000000E+00  0.000000E+00  0.655917E+06
  0.270704E+00  0.631904E+06  0.628561E+06  0.000000E+00  0.000000E+00  0.000000E+00  0.631350E+06
  0.276846E+00  0.609264E+06  0.605938E+06  0.000000E+00  0.000000E+00  0.000000E+00  0.608712E+06
  0.282988E+00  0.589045E+06  0.585798E+06  0.000000E+00  0.000000E+00  0.000000E+00  0.588506E+06
  0.289130E+00  0.571226E+06  0.568115E+06  0.000000E+00  0.000000E+00  0.000000E+00  0.570710E+06
  0.295272E+00  0.555335E+06  0.552390E+06  0.000000E+00  0.000000E+00  0.000000E+00  0.554846E+06
  0.301413E+00  0.540587E+06  0.537809E+06  0.000000E+00  0.000000E+00  0.000000E+00  0.540126E+06
  0.307555E+00  0.526214E+06  0.523575E+06  0.000000E+00  0.000000E+00  0.000000E+00  0.525777E+06
  0.313697E+00  0.511754E+06  0.509211E+06  0.000000E+00  0.000000E+00  0.000000E+00  0.511332E+06
  0.319839E+00  0.497094E+06  0.494607E+06  0.000000E+00  0.000000E+00  0.000000E+00  0.496681E+06
  0.325981E+00  0.482413E+06  0.479955E+06  0.000000E+00  0.000000E+00  0.000000E+00  0.482005E+06
  0.332123E+00  0.468102E+06  0.465665E+06  0.000000E+00  0.000000E+00  0.000000E+00  0.467698E+06
  0.338264E+00  0.454569E+06  0.452162E+06  0.000000E+00  0.000000E+00  0.000000E+00  0.454169E+06
  0.344406E+00  0.442023E+06  0.439666E+06  0.000000E+00  0.000000E+00  0.000000E+00  0.441632E+06
  0.350548E+00  0.430476E+06  0.428188E+06  0.000000E+00  0.000000E+00  0.000000E+00  0.430096E+06
  0.356690E+00  0.419812E+06  0.417605E+06  0.000000E+00  0.000000E+00  0.000000E+00  0.419446E+06
  0.362832E+00  0.409788E+06  0.407664E+06  0.000000E+00  0.000000E+00  0.000000E+00  0.409435E+06
  0.368973E+00  0.400101E+06  0.398053E+06  0.000000E+00  0.000000E+00  0.000000E+00  0.399761E+06
  0.375115E+00  0.390556E+06  0.388569E+06  0.000000E+00  0.000000E+00  0.000000E+00  0.390226E+06
  0.381257E+00  0.381107E+06  0.379166E+06  0.000000E+00  0.000000E+00  0.000000E+00  0.380785E+06
  0.387399E+00  0.371778E+06  0.369872E+06  0.000000E+00  0.000000E+00  0.000000E+00  0.371461E+06
  0.393541E+00  0.362650E+06  0.360773E+06  0.000000E+00  0.000000E+00  0.000000E+00  0.362338E+06
  0.399682E+00  0.353862E+06  0.352015E+06  0.000000E+00  0.000000E+00  0.000000E+00  0.353555E+06
  0.401030E+00  0.351993E+06  0.350154E+06  0.000000E+00  0.000000E+00  0.000000E+00  0.351688E+06
  0.421591E+00  0.326126E+06  0.324428E+06  0.000000E+00  0.000000E+00  0.000000E+00  0.325844E+06
  0.443206E+00  0.302487E+06  0.300932E+06  0.000000E+00  0.000000E+00  0.000000E+00  0.302229E+06
  0.465930E+00  0.279710E+06  0.278256E+06  0.000000E+00  0.000000E+00  0.000000E+00  0.279469E+06
  0.489819E+00  0.258909E+06  0.257568E+06  0.000000E+00  0.000000E+00  0.000000E+00  0.258687E+06
  0.514932E+00  0.239593E+06  0.238355E+06  0.000000E+00  0.000000E+00  0.000000E+00  0.239387E+06
  0.541334E+00  0.221469E+06  0.220320E+06  0.000000E+00  0.000000E+00  0.000000E+00  0.221278E+06
  0.569088E+00  0.204793E+06  0.203734E+06  0.000000E+00  0.000000E+00  0.000000E+00  0.204617E+06
  0.598266E+00  0.189216E+06  0.188236E+06  0.000000E+00  0.000000E+00  0.000000E+00  0.189054E+06
  0.628940E+00  0.174816E+06  0.173912E+06  0.000000E+00  0.000000E+00  0.000000E+00  0.174666E+06
  0.661186E+00  0.161434E+06  0.160599E+06  0.000000E+00  0.000000E+00  0.000000E+00  0.161296E+06
  0.695086E+00  0.149044E+06  0.148273E+06  0.000000E+00  0.000000E+00  0.000000E+00  0.148916E+06
  0.730724E+00  0.137556E+06  0.136844E+06  0.000000E+00  0.000000E+00  0.000000E+00  0.137438E+06
  0.768189E+00  0.126916E+06  0.126259E+06  0.000000E+00  0.000000E+00  0.000000E+00  0.126807E+06
  0.807575E+00  0.117063E+06  0.116458E+06  0.000000E+00  0.000000E+00  0.000000E+00  0.116963E+06
  0.848980E+00  0.107945E+06  0.107387E+06  0.000000E+00  0.000000E+00  0.000000E+00  0.107852E+06
  0.892508E+00  0.995094E+05  0.989946E+05  0.000000E+00  0.000000E+00  0.000000E+00  0.994240E+05
  0.938268E+00  0.917083E+05  0.912338E+05  0.000000E+00  0.000000E+00  0.000000E+00  0.916295E+05
  0.986374E+00  0.844957E+05  0.840585E+05  0.000000E+00  0.000000E+00  0.000000E+00  0.844231E+05
  0.103695E+01  0.778296E+05  0.774269E+05  0.000000E+00  0.000000E+00  0.000000E+00  0.777627E+05
  0.109011E+01  0.716706E+05  0.712997E+05  0.000000E+00  0.000000E+00  0.000000E+00  0.716090E+05
  0.114600E+01  0.659831E+05  0.656417E+05  0.000000E+00  0.000000E+00  0.000000E+00  0.659265E+05
  0.120476E+01  0.607325E+05  0.604183E+05  0.000000E+00  0.000000E+00  0.000000E+00  0.606804E+05
  0.126653E+01  0.558861E+05  0.555969E+05  0.000000E+00  0.000000E+00  0.000000E+00  0.558381E+05
  0.133147E+01  0.514139E+05  0.511478E+05  0.000000E+00  0.000000E+00  0.000000E+00  0.513698E+05
  0.139973E+01  0.472890E+05  0.470443E+05  0.000000E+00  0.000000E+00  0.000000E+00  0.472484E+05
  0.147150E+01  0.434857E+05  0.432606E+05  0.000000E+00  0.000000E+00  0.000000E+00  0.434484E+05
  0.154694E+01  0.399795E+05  0.397725E+05  0.000000E+00  0.000000E+00  0.000000E+00  0.399452E+05
  0.162626E+01  0.367481E+05  0.365578E+05  0.000000E+00  0.000000E+00  0.000000E+00  0.367165E+05
  0.170964E+01  0.337706E+05  0.335957E+05  0.000000E+00  0.000000E+00  0.000000E+00  0.337415E+05
  0.179729E+01  0.310281E+05  0.308673E+05  0.000000E+00  0.000000E+00  0.000000E+00  0.310014E+05
  0.188944E+01  0.285029E+05  0.283552E+05  0.000000E+00  0.000000E+00  0.000000E+00  0.284784E+05
  0.198631E+01  0.261779E+05  0.260422E+05  0.000000E+00  0.000000E+00  0.000000E+00  0.261554E+05
  0.208815E+01  0.240379E+05  0.239132E+05  0.000000E+00  0.000000E+00  0.000000E+00  0.240172E+05
  0.219522E+01  0.220688E+05  0.219543E+05  0.000000E+00  0.000000E+00  0.000000E+00  0.220498E+05
  0.230777E+01  0.202573E+05  0.201522E+05  0.000000E+00  0.000000E+00  0.000000E+00  0.202399E+05
  0.242609E+01  0.185911E+05  0.184946E+05  0.000000E+00  0.000000E+00  0.000000E+00  0.185750E+05
  0.255048E+01  0.170590E+05  0.169704E+05  0.000000E+00  0.000000E+00  0.000000E+00  0.170443E+05
  0.268124E+01  0.156505E+05  0.155692E+05  0.000000E+00  0.000000E+00  0.000000E+00  0.156370E+05
  0.281871E+01  0.143558E+05  0.142812E+05  0.000000E+00  0.000000E+00  0.000000E+00  0.143434E+05
  0.296323E+01  0.131661E+05  0.130976E+05  0.000000E+00  0.000000E+00  0.000000E+00  0.131548E+05
  0.311516E+01  0.120731E+05  0.120102E+05  0.000000E+00  0.000000E+00  0.000000E+00  0.120627E+05
  0.327488E+01  0.110690E+05  0.110113E+05  0.000000E+00  0.000000E+00  0.000000E+00  0.110594E+05
  0.344278E+01  0.101469E+05  0.100940E+05  0.000000E+00  0.000000E+00  0.000000E+00  0.101381E+05
  0.361930E+01  0.930018E+04  0.925162E+04  0.000000E+00  0.000000E+00  0.000000E+00  0.929212E+04
  0.380486E+01  0.852281E+04  0.847826E+04  0.000000E+00  0.000000E+00  0.000000E+00  0.851542E+04
  0.399994E+01  0.780933E+04  0.776845E+04  0.000000E+00  0.000000E+00  0.000000E+00  0.780255E+04
  0.420502E+01  0.715456E+04  0.711706E+04  0.000000E+00  0.000000E+00  0.000000E+00  0.714834E+04
  0.442062E+01  0.655374E+04  0.651934E+04  0.000000E+00  0.000000E+00  0.000000E+00  0.654803E+04
  0.464727E+01  0.600258E+04  0.597102E+04  0.000000E+00  0.000000E+00  0.000000E+00  0.599734E+04
  0.488554E+01  0.549701E+04  0.546805E+04  0.000000E+00  0.000000E+00  0.000000E+00  0.549220E+04
  0.513603E+01  0.503337E+04  0.500680E+04  0.000000E+00  0.000000E+00  0.000000E+00  0.502896E+04
  0.539936E+01  0.460824E+04  0.458386E+04  0.000000E+00  0.000000E+00  0.000000E+00  0.460419E+04
  0.567619E+01  0.421848E+04  0.419610E+04  0.000000E+00  0.000000E+00  0.000000E+00  0.421476E+04
  0.596722E+01  0.386120E+04  0.384066E+04  0.000000E+00  0.000000E+00  0.000000E+00  0.385779E+04
  0.627316E+01  0.353375E+04  0.351489E+04  0.000000E+00  0.000000E+00  0.000000E+00  0.353062E+04
  0.659479E+01  0.323368E+04  0.321637E+04  0.000000E+00  0.000000E+00  0.000000E+00  0.323081E+04
  0.693291E+01  0.295875E+04  0.294284E+04  0.000000E+00  0.000000E+00  0.000000E+00  0.295611E+04
  0.728837E+01  0.270687E+04  0.269227E+04  0.000000E+00  0.000000E+00  0.000000E+00  0.270445E+04
  0.766206E+01  0.247616E+04  0.246273E+04  0.000000E+00  0.000000E+00  0.000000E+00  0.247393E+04
  0.805490E+01  0.226486E+04  0.225252E+04  0.000000E+00  0.000000E+00  0.000000E+00  0.226281E+04
  0.846788E+01  0.207136E+04  0.206001E+04  0.000000E+00  0.000000E+00  0.000000E+00  0.206947E+04
  0.890203E+01  0.189419E+04  0.188375E+04  0.000000E+00  0.000000E+00  0.000000E+00  0.189246E+04
  0.935845E+01  0.173199E+04  0.172238E+04  0.000000E+00  0.000000E+00  0.000000E+00  0.173040E+04
  0.983827E+01  0.158351E+04  0.157466E+04  0.000000E+00  0.000000E+00  0.000000E+00  0.158204E+04
  0.103427E+02  0.144762E+04  0.143946E+04  0.000000E+00  0.000000E+00  0.000000E+00  0.144626E+04
  0.108730E+02  0.132325E+04  0.131573E+04  0.000000E+00  0.000000E+00  0.000000E+00  0.132200E+04
  0.114304E+02  0.120945E+04  0.120251E+04  0.000000E+00  0.000000E+00  0.000000E+00  0.120830E+04
  0.120165E+02  0.110533E+04  0.109892E+04  0.000000E+00  0.000000E+00  0.000000E+00  0.110427E+04
  0.126326E+02  0.101007E+04  0.100415E+04  0.000000E+00  0.000000E+00  0.000000E+00  0.100909E+04
  0.132803E+02  0.922939E+03  0.917457E+03  0.000000E+00  0.000000E+00  0.000000E+00  0.922030E+03
  0.139612E+02  0.843244E+03  0.838166E+03  0.000000E+00  0.000000E+00  0.000000E+00  0.842401E+03
  0.146770E+02  0.770361E+03  0.765652E+03  0.000000E+00  0.000000E+00  0.000000E+00  0.769579E+03
  0.154295E+02  0.703712E+03  0.699340E+03  0.000000E+00  0.000000E+00  0.000000E+00  0.702987E+03
  0.162206E+02  0.642773E+03  0.638709E+03  0.000000E+00  0.000000E+00  0.000000E+00  0.642098E+03
  0.170522E+02  0.587059E+03  0.583275E+03  0.000000E+00  0.000000E+00  0.000000E+00  0.586431E+03
  0.179265E+02  0.536127E+03  0.532600E+03  0.000000E+00  0.000000E+00  0.000000E+00  0.535542E+03
  0.188456E+02  0.489574E+03  0.486279E+03  0.000000E+00  0.000000E+00  0.000000E+00  0.489027E+03
  0.198118E+02  0.447024E+03  0.443942E+03  0.000000E+00  0.000000E+00  0.000000E+00  0.446512E+03
  0.208276E+02  0.408138E+03  0.405250E+03  0.000000E+00  0.000000E+00  0.000000E+00  0.407658E+03
  0.218955E+02  0.372603E+03  0.369892E+03  0.000000E+00  0.000000E+00  0.000000E+00  0.372153E+03
  0.230181E+02  0.340135E+03  0.337584E+03  0.000000E+00  0.000000E+00  0.000000E+00  0.339712E+03
  0.241982E+02  0.310471E+03  0.308066E+03  0.000000E+00  0.000000E+00  0.000000E+00  0.310072E+03
  0.254389E+02  0.283371E+03  0.281099E+03  0.000000E+00  0.000000E+00  0.000000E+00  0.282994E+03
  0.267432E+02  0.258615E+03  0.256465E+03  0.000000E+00  0.000000E+00  0.000000E+00  0.258258E+03
  0.281144E+02  0.236004E+03  0.233963E+03  0.000000E+00  0.000000E+00  0.000000E+00  0.235665E+03
  0.295558E+02  0.215352E+03  0.213411E+03  0.000000E+00  0.000000E+00  0.000000E+00  0.215030E+03
  0.310712E+02  0.196492E+03  0.194642E+03  0.000000E+00  0.000000E+00  0.000000E+00  0.196185E+03
  0.326642E+02  0.179270E+03  0.177502E+03  0.000000E+00  0.000000E+00  0.000000E+00  0.178976E+03
  0.343390E+02  0.163544E+03  0.161850E+03  0.000000E+00  0.000000E+00  0.000000E+00  0.163263E+03
  0.360996E+02  0.149186E+03  0.147559E+03  0.000000E+00  0.000000E+00  0.000000E+00  0.148916E+03
  0.379504E+02  0.136077E+03  0.134512E+03  0.000000E+00  0.000000E+00  0.000000E+00  0.135817E+03
  0.398962E+02  0.124111E+03  0.122601E+03  0.000000E+00  0.000000E+00  0.000000E+00  0.123860E+03
  0.419417E+02  0.113188E+03  0.111727E+03  0.000000E+00  0.000000E+00  0.000000E+00  0.112945E+03
  0.440921E+02  0.103217E+03  0.101802E+03  0.000000E+00  0.000000E+00  0.000000E+00  0.102983E+03
  0.463527E+02  0.941176E+02  0.927430E+02  0.000000E+00  0.000000E+00  0.000000E+00  0.938895E+02
  0.487293E+02  0.858130E+02  0.844749E+02  0.000000E+00  0.000000E+00  0.000000E+00  0.855909E+02
  0.512277E+02  0.782346E+02  0.769294E+02  0.000000E+00  0.000000E+00  0.000000E+00  0.780180E+02
  0.538542E+02  0.713193E+02  0.700436E+02  0.000000E+00  0.000000E+00  0.000000E+00  0.711076E+02
  0.566154E+02  0.650095E+02  0.637604E+02  0.000000E+00  0.000000E+00  0.000000E+00  0.648022E+02
  0.595181E+02  0.592526E+02  0.580273E+02  0.000000E+00  0.000000E+00  0.000000E+00  0.590492E+02
  0.625697E+02  0.540005E+02  0.527965E+02  0.000000E+00  0.000000E+00  0.000000E+00  0.538007E+02
  0.657776E+02  0.492093E+02  0.480244E+02  0.000000E+00  0.000000E+00  0.000000E+00  0.490126E+02
  0.691501E+02  0.448387E+02  0.436709E+02  0.000000E+00  0.000000E+00  0.000000E+00  0.446449E+02
  0.726956E+02  0.408520E+02  0.396995E+02  0.000000E+00  0.000000E+00  0.000000E+00  0.406608E+02
  0.764228E+02  0.372159E+02  0.360771E+02  0.000000E+00  0.000000E+00  0.000000E+00  0.370269E+02
  0.803410E+02  0.338996E+02  0.327730E+02  0.000000E+00  0.000000E+00  0.000000E+00  0.337127E+02
  0.844602E+02  0.308753E+02  0.297597E+02  0.000000E+00  0.000000E+00  0.000000E+00  0.306902E+02
  0.887905E+02  0.281173E+02  0.270116E+02  0.000000E+00  0.000000E+00  0.000000E+00  0.279338E+02
  0.933430E+02  0.256024E+02  0.245055E+02  0.000000E+00  0.000000E+00  0.000000E+00  0.254204E+02
  0.981288E+02  0.233093E+02  0.222205E+02  0.000000E+00  0.000000E+00  0.000000E+00  0.231286E+02
  0.103160E+03  0.212185E+02  0.201371E+02  0.000000E+00  0.000000E+00  0.000000E+00  0.210391E+02
