    0.10000E-03    0.50611E+03
    0.10202E-03    0.51604E+03
    0.10408E-03    0.52616E+03
    0.10618E-03    0.53648E+03
    0.10833E-03    0.54701E+03
    0.11052E-03    0.55774E+03
    0.11275E-03    0.56868E+03
    0.11503E-03    0.57983E+03
    0.11735E-03    0.59121E+03
    0.11972E-03    0.60280E+03
    0.12214E-03    0.61463E+03
    0.12461E-03    0.62668E+03
    0.12712E-03    0.63897E+03
    0.12969E-03    0.65150E+03
    0.13231E-03    0.66428E+03
    0.13499E-03    0.67730E+03
    0.13771E-03    0.69059E+03
    0.14049E-03    0.70413E+03
    0.14333E-03    0.71793E+03
    0.14623E-03    0.73201E+03
    0.14918E-03    0.74636E+03
    0.15220E-03    0.76099E+03
    0.15527E-03    0.77591E+03
    0.15841E-03    0.79112E+03
    0.16161E-03    0.80662E+03
    0.16487E-03    0.82243E+03
    0.16820E-03    0.83855E+03
    0.17160E-03    0.85498E+03
    0.17507E-03    0.87174E+03
    0.17860E-03    0.88882E+03
    0.18221E-03    0.90623E+03
    0.18589E-03    0.92399E+03
    0.18965E-03    0.94209E+03
    0.19348E-03    0.96054E+03
    0.19739E-03    0.97936E+03
    0.20138E-03    0.99854E+03
    0.20544E-03    0.10181E+04
    0.20959E-03    0.10380E+04
    0.21383E-03    0.10584E+04
    0.21815E-03    0.10791E+04
    0.22255E-03    0.11002E+04
    0.22705E-03    0.11217E+04
    0.23164E-03    0.11437E+04
    0.23632E-03    0.11661E+04
    0.24109E-03    0.11889E+04
    0.24596E-03    0.12121E+04
    0.25093E-03    0.12358E+04
    0.25600E-03    0.12600E+04
    0.26117E-03    0.12847E+04
    0.26645E-03    0.13098E+04
    0.27183E-03    0.13354E+04
    0.27732E-03    0.13615E+04
    0.28292E-03    0.13881E+04
    0.28864E-03    0.14152E+04
    0.29447E-03    0.14429E+04
    0.30042E-03    0.14710E+04
    0.30649E-03    0.14998E+04
    0.31268E-03    0.15290E+04
    0.31899E-03    0.15589E+04
    0.32544E-03    0.15893E+04
    0.33201E-03    0.16203E+04
    0.33872E-03    0.16519E+04
    0.34556E-03    0.16841E+04
    0.35254E-03    0.17170E+04
    0.35966E-03    0.17505E+04
    0.36693E-03    0.17846E+04
    0.37434E-03    0.18193E+04
    0.38190E-03    0.18548E+04
    0.38962E-03    0.18909E+04
    0.39749E-03    0.19277E+04
    0.40552E-03    0.19652E+04
    0.41371E-03    0.20034E+04
    0.42207E-03    0.20424E+04
    0.43060E-03    0.20821E+04
    0.43929E-03    0.21225E+04
    0.44817E-03    0.21638E+04
    0.45722E-03    0.22058E+04
    0.46646E-03    0.22486E+04
    0.47588E-03    0.22922E+04
    0.48550E-03    0.23367E+04
    0.49530E-03    0.23820E+04
    0.50531E-03    0.24281E+04
    0.51552E-03    0.24752E+04
    0.52593E-03    0.25231E+04
    0.53656E-03    0.25719E+04
    0.54739E-03    0.26216E+04
    0.55845E-03    0.26723E+04
    0.56973E-03    0.27239E+04
    0.58124E-03    0.27765E+04
    0.59299E-03    0.28301E+04
    0.60496E-03    0.28847E+04
    0.61719E-03    0.29402E+04
    0.62965E-03    0.29969E+04
    0.64237E-03    0.30546E+04
    0.65535E-03    0.31133E+04
    0.66859E-03    0.31732E+04
    0.68210E-03    0.32341E+04
    0.69588E-03    0.32962E+04
    0.70993E-03    0.33594E+04
    0.72427E-03    0.34238E+04
    0.73891E-03    0.34894E+04
    0.75383E-03    0.35561E+04
    0.76906E-03    0.36241E+04
    0.78460E-03    0.36934E+04
    0.80045E-03    0.37639E+04
    0.81662E-03    0.38356E+04
    0.83311E-03    0.39087E+04
    0.84994E-03    0.39831E+04
    0.86711E-03    0.40589E+04
    0.88463E-03    0.41360E+04
    0.90250E-03    0.42145E+04
    0.92073E-03    0.42943E+04
    0.93933E-03    0.43757E+04
    0.95831E-03    0.44584E+04
    0.97767E-03    0.45427E+04
    0.99742E-03    0.46284E+04
    0.10176E-02    0.47157E+04
    0.10381E-02    0.48044E+04
    0.10591E-02    0.48948E+04
    0.10805E-02    0.49867E+04
    0.11023E-02    0.50802E+04
    0.11246E-02    0.51753E+04
    0.11473E-02    0.52721E+04
    0.11705E-02    0.53706E+04
    0.11941E-02    0.54707E+04
    0.12182E-02    0.55726E+04
    0.12429E-02    0.56762E+04
    0.12680E-02    0.57815E+04
    0.12936E-02    0.58886E+04
    0.13197E-02    0.59976E+04
    0.13464E-02    0.61083E+04
    0.13736E-02    0.62209E+04
    0.14013E-02    0.63354E+04
    0.14296E-02    0.64517E+04
    0.14585E-02    0.65700E+04
    0.14880E-02    0.66902E+04
    0.15180E-02    0.68123E+04
    0.15487E-02    0.69364E+04
    0.15800E-02    0.70625E+04
    0.16119E-02    0.71907E+04
    0.16445E-02    0.73208E+04
    0.16777E-02    0.74530E+04
    0.17116E-02    0.75873E+04
    0.17462E-02    0.77237E+04
    0.17814E-02    0.78621E+04
    0.18174E-02    0.80027E+04
    0.18541E-02    0.81455E+04
    0.18916E-02    0.82903E+04
    0.19298E-02    0.84374E+04
    0.19688E-02    0.85866E+04
    0.20086E-02    0.87381E+04
    0.20491E-02    0.88917E+04
    0.20905E-02    0.90476E+04
    0.21328E-02    0.92057E+04
    0.21758E-02    0.93661E+04
    0.22198E-02    0.95288E+04
    0.22646E-02    0.96937E+04
    0.23104E-02    0.98609E+04
    0.23571E-02    0.10030E+05
    0.24047E-02    0.10202E+05
    0.24533E-02    0.10376E+05
    0.25028E-02    0.10553E+05
    0.25534E-02    0.10731E+05
    0.26050E-02    0.10912E+05
    0.26576E-02    0.11096E+05
    0.27113E-02    0.11281E+05
    0.27660E-02    0.11469E+05
    0.28219E-02    0.11659E+05
    0.28789E-02    0.11851E+05
    0.29371E-02    0.12046E+05
    0.29964E-02    0.12243E+05
    0.30569E-02    0.12441E+05
    0.31187E-02    0.12643E+05
    0.31817E-02    0.12846E+05
    0.32460E-02    0.13052E+05
    0.33115E-02    0.13260E+05
    0.33784E-02    0.13470E+05
    0.34467E-02    0.13682E+05
    0.35163E-02    0.13897E+05
    0.35874E-02    0.14115E+05
    0.36598E-02    0.14334E+05
    0.37338E-02    0.14556E+05
    0.38092E-02    0.14779E+05
    0.38861E-02    0.15005E+05
    0.39646E-02    0.15231E+05
    0.40447E-02    0.15459E+05
    0.41264E-02    0.15688E+05
    0.42098E-02    0.15918E+05
    0.42948E-02    0.16148E+05
    0.43816E-02    0.16379E+05
    0.44701E-02    0.16610E+05
    0.45604E-02    0.16842E+05
    0.46525E-02    0.17074E+05
    0.47465E-02    0.17307E+05
    0.48424E-02    0.17541E+05
    0.49402E-02    0.17776E+05
    0.50400E-02    0.18012E+05
    0.51419E-02    0.18250E+05
    0.52457E-02    0.18490E+05
    0.53517E-02    0.18731E+05
    0.54598E-02    0.18974E+05
    0.55701E-02    0.19219E+05
    0.56826E-02    0.19464E+05
    0.57974E-02    0.19711E+05
    0.59145E-02    0.19958E+05
    0.60340E-02    0.20205E+05
    0.61559E-02    0.20453E+05
    0.62803E-02    0.20700E+05
    0.64072E-02    0.20946E+05
    0.65366E-02    0.21192E+05
    0.66686E-02    0.21436E+05
    0.68033E-02    0.21680E+05
    0.69408E-02    0.21922E+05
    0.70810E-02    0.22162E+05
    0.72240E-02    0.22401E+05
    0.73700E-02    0.22639E+05
    0.75189E-02    0.22875E+05
    0.76708E-02    0.23109E+05
    0.78257E-02    0.23341E+05
    0.79838E-02    0.23571E+05
    0.81451E-02    0.23799E+05
    0.83096E-02    0.24024E+05
    0.84775E-02    0.24246E+05
    0.86488E-02    0.24465E+05
    0.88235E-02    0.24680E+05
    0.90017E-02    0.24892E+05
    0.91836E-02    0.25099E+05
    0.93691E-02    0.25302E+05
    0.95583E-02    0.25500E+05
    0.97514E-02    0.25693E+05
    0.99484E-02    0.25881E+05
    0.10149E-01    0.26064E+05
    0.10354E-01    0.26241E+05
    0.10564E-01    0.26412E+05
    0.10777E-01    0.26577E+05
    0.10995E-01    0.26736E+05
    0.11217E-01    0.26888E+05
    0.11443E-01    0.27034E+05
    0.11675E-01    0.27173E+05
    0.11910E-01    0.27305E+05
    0.12151E-01    0.27429E+05
    0.12397E-01    0.27546E+05
    0.12647E-01    0.27654E+05
    0.12902E-01    0.27752E+05
    0.13163E-01    0.27842E+05
    0.13429E-01    0.27922E+05
    0.13700E-01    0.27992E+05
    0.13977E-01    0.28051E+05
    0.14259E-01    0.28099E+05
    0.14547E-01    0.28137E+05
    0.14841E-01    0.28163E+05
    0.15141E-01    0.28177E+05
    0.15447E-01    0.28180E+05
    0.15759E-01    0.28171E+05
    0.16077E-01    0.28150E+05
    0.16402E-01    0.28117E+05
    0.16734E-01    0.28072E+05
    0.17072E-01    0.28014E+05
    0.17416E-01    0.27944E+05
    0.17768E-01    0.27861E+05
    0.18127E-01    0.27764E+05
    0.18493E-01    0.27655E+05
    0.18867E-01    0.27533E+05
    0.19248E-01    0.27396E+05
    0.19637E-01    0.27246E+05
    0.20034E-01    0.27083E+05
    0.20438E-01    0.26905E+05
    0.20851E-01    0.26714E+05
    0.21272E-01    0.26508E+05
    0.21702E-01    0.26289E+05
    0.22141E-01    0.26057E+05
    0.22588E-01    0.25812E+05
    0.23044E-01    0.25554E+05
    0.23510E-01    0.25284E+05
    0.23985E-01    0.25002E+05
    0.24469E-01    0.24708E+05
    0.24964E-01    0.24403E+05
    0.25468E-01    0.24087E+05
    0.25982E-01    0.23761E+05
    0.26507E-01    0.23426E+05
    0.27043E-01    0.23082E+05
    0.27589E-01    0.22730E+05
    0.28146E-01    0.22372E+05
    0.28715E-01    0.22006E+05
    0.29295E-01    0.21635E+05
    0.29887E-01    0.21260E+05
    0.30490E-01    0.20880E+05
    0.31106E-01    0.20498E+05
    0.31735E-01    0.20115E+05
    0.32376E-01    0.19730E+05
    0.33030E-01    0.19346E+05
    0.33697E-01    0.18963E+05
    0.34378E-01    0.18582E+05
    0.35072E-01    0.18205E+05
    0.35781E-01    0.17832E+05
    0.36504E-01    0.17466E+05
    0.37241E-01    0.17106E+05
    0.37993E-01    0.16753E+05
    0.38761E-01    0.16409E+05
    0.39544E-01    0.16073E+05
    0.40343E-01    0.15747E+05
    0.41158E-01    0.15430E+05
    0.41989E-01    0.15123E+05
    0.42838E-01    0.14827E+05
    0.43703E-01    0.14543E+05
    0.44586E-01    0.14273E+05
    0.45486E-01    0.14016E+05
    0.46405E-01    0.13774E+05
    0.47343E-01    0.13546E+05
    0.48299E-01    0.13329E+05
    0.49275E-01    0.13123E+05
    0.50270E-01    0.12927E+05
    0.51286E-01    0.12741E+05
    0.52322E-01    0.12562E+05
    0.53379E-01    0.12392E+05
    0.54457E-01    0.12228E+05
    0.55557E-01    0.12070E+05
    0.56680E-01    0.11915E+05
    0.57825E-01    0.11762E+05
    0.58993E-01    0.11609E+05
    0.60184E-01    0.11454E+05
    0.61400E-01    0.11296E+05
    0.62641E-01    0.11134E+05
    0.63906E-01    0.10964E+05
    0.65197E-01    0.10787E+05
    0.66514E-01    0.10600E+05
    0.67858E-01    0.10403E+05
    0.69229E-01    0.10194E+05
    0.70627E-01    0.99732E+04
    0.72054E-01    0.97400E+04
    0.73510E-01    0.94952E+04
    0.74994E-01    0.92394E+04
    0.76509E-01    0.89741E+04
    0.78055E-01    0.87012E+04
    0.79632E-01    0.84226E+04
    0.81241E-01    0.81410E+04
    0.82882E-01    0.78590E+04
    0.84556E-01    0.75794E+04
    0.86264E-01    0.73050E+04
    0.88007E-01    0.70387E+04
    0.89785E-01    0.67832E+04
    0.91598E-01    0.65412E+04
    0.93449E-01    0.63148E+04
    0.95337E-01    0.61055E+04
    0.97263E-01    0.59145E+04
    0.99227E-01    0.57426E+04
    0.10123E+00    0.55898E+04
    0.10328E+00    0.54551E+04
    0.10536E+00    0.53372E+04
    0.10749E+00    0.52347E+04
    0.10966E+00    0.51447E+04
    0.11188E+00    0.50647E+04
    0.11414E+00    0.49916E+04
    0.11644E+00    0.49212E+04
    0.11880E+00    0.48498E+04
    0.12120E+00    0.47733E+04
    0.12365E+00    0.46877E+04
    0.12614E+00    0.45901E+04
    0.12869E+00    0.44796E+04
    0.13129E+00    0.43559E+04
    0.13394E+00    0.42208E+04
    0.13665E+00    0.40773E+04
    0.13941E+00    0.39288E+04
    0.14223E+00    0.37788E+04
    0.14510E+00    0.36308E+04
    0.14803E+00    0.34886E+04
    0.15102E+00    0.33555E+04
    0.15407E+00    0.32349E+04
    0.15718E+00    0.31294E+04
    0.16036E+00    0.30396E+04
    0.16360E+00    0.29651E+04
    0.16690E+00    0.29032E+04
    0.17028E+00    0.28507E+04
    0.17371E+00    0.28037E+04
    0.17722E+00    0.27585E+04
    0.18080E+00    0.27115E+04
    0.18446E+00    0.26596E+04
    0.18818E+00    0.26000E+04
    0.19198E+00    0.25319E+04
    0.19586E+00    0.24560E+04
    0.19982E+00    0.23750E+04
    0.20386E+00    0.22923E+04
    0.20797E+00    0.22115E+04
    0.21218E+00    0.21358E+04
    0.21646E+00    0.20678E+04
    0.22083E+00    0.20092E+04
    0.22530E+00    0.19601E+04
    0.22985E+00    0.19187E+04
    0.23449E+00    0.18822E+04
    0.23923E+00    0.18473E+04
    0.24406E+00    0.18113E+04
    0.24899E+00    0.17722E+04
    0.25402E+00    0.17291E+04
    0.25915E+00    0.16821E+04
    0.26439E+00    0.16331E+04
    0.26973E+00    0.15847E+04
    0.27518E+00    0.15393E+04
    0.28074E+00    0.14983E+04
    0.28641E+00    0.14621E+04
    0.29219E+00    0.14302E+04
    0.29810E+00    0.14012E+04
    0.30412E+00    0.13731E+04
    0.31026E+00    0.13442E+04
    0.31653E+00    0.13139E+04
    0.32292E+00    0.12821E+04
    0.32945E+00    0.12500E+04
    0.33610E+00    0.12188E+04
    0.34289E+00    0.11898E+04
    0.34982E+00    0.11633E+04
    0.35689E+00    0.11388E+04
    0.36409E+00    0.11157E+04
    0.37145E+00    0.10929E+04
    0.37895E+00    0.10698E+04
    0.38661E+00    0.10465E+04
    0.39442E+00    0.10233E+04
    0.40239E+00    0.10010E+04
    0.41052E+00    0.97988E+03
    0.41881E+00    0.95987E+03
    0.42727E+00    0.94067E+03
    0.43590E+00    0.92198E+03
    0.44471E+00    0.90351E+03
    0.45369E+00    0.88516E+03
    0.46286E+00    0.86720E+03
    0.47221E+00    0.84991E+03
    0.48174E+00    0.83328E+03
    0.49148E+00    0.81716E+03
    0.50141E+00    0.80141E+03
    0.51153E+00    0.78599E+03
    0.52187E+00    0.77088E+03
    0.53241E+00    0.75610E+03
    0.54317E+00    0.74172E+03
    0.55414E+00    0.72775E+03
    0.56533E+00    0.71413E+03
    0.57675E+00    0.70077E+03
    0.58840E+00    0.68767E+03
    0.60029E+00    0.67487E+03
    0.61242E+00    0.66237E+03
    0.62479E+00    0.65014E+03
    0.63741E+00    0.63816E+03
    0.65029E+00    0.62640E+03
    0.66342E+00    0.61488E+03
    0.67683E+00    0.60359E+03
    0.69050E+00    0.59252E+03
    0.70445E+00    0.58164E+03
    0.71868E+00    0.57097E+03
    0.73320E+00    0.56048E+03
    0.74801E+00    0.55017E+03
    0.76312E+00    0.54004E+03
    0.77854E+00    0.53008E+03
    0.79426E+00    0.52028E+03
    0.81031E+00    0.51063E+03
    0.82668E+00    0.50113E+03
    0.84338E+00    0.49178E+03
    0.86041E+00    0.48257E+03
    0.87780E+00    0.47349E+03
    0.89553E+00    0.46454E+03
    0.91362E+00    0.45572E+03
    0.93208E+00    0.44702E+03
    0.95091E+00    0.43843E+03
    0.97011E+00    0.42997E+03
    0.98971E+00    0.42161E+03
    0.10097E+01    0.41336E+03
    0.10301E+01    0.40522E+03
    0.10509E+01    0.39718E+03
    0.10721E+01    0.38925E+03
    0.10938E+01    0.38141E+03
    0.11159E+01    0.37366E+03
    0.11384E+01    0.36602E+03
    0.11614E+01    0.35847E+03
    0.11849E+01    0.35100E+03
    0.12088E+01    0.34363E+03
    0.12333E+01    0.33635E+03
    0.12582E+01    0.32916E+03
    0.12836E+01    0.32206E+03
    0.13095E+01    0.31504E+03
    0.13360E+01    0.30811E+03
    0.13630E+01    0.30127E+03
    0.13905E+01    0.29451E+03
    0.14186E+01    0.28783E+03
    0.14472E+01    0.28124E+03
    0.14765E+01    0.27474E+03
    0.15063E+01    0.26832E+03
    0.15367E+01    0.26199E+03
    0.15678E+01    0.25574E+03
    0.15994E+01    0.24958E+03
    0.16318E+01    0.24350E+03
    0.16647E+01    0.23751E+03
    0.16984E+01    0.23160E+03
    0.17327E+01    0.22578E+03
    0.17677E+01    0.22005E+03
    0.18034E+01    0.21440E+03
    0.18398E+01    0.20884E+03
    0.18770E+01    0.20337E+03
    0.19149E+01    0.19799E+03
    0.19536E+01    0.19270E+03
    0.19930E+01    0.18749E+03
    0.20333E+01    0.18238E+03
    0.20744E+01    0.17736E+03
    0.21163E+01    0.17242E+03
    0.21590E+01    0.16758E+03
    0.22026E+01    0.16283E+03
    0.22471E+01    0.15817E+03
    0.22925E+01    0.15359E+03
    0.23388E+01    0.14911E+03
    0.23861E+01    0.14473E+03
    0.24343E+01    0.14043E+03
    0.24835E+01    0.13622E+03
    0.25336E+01    0.13210E+03
    0.25848E+01    0.12808E+03
    0.26370E+01    0.12414E+03
    0.26903E+01    0.12030E+03
    0.27447E+01    0.11654E+03
    0.28001E+01    0.11287E+03
    0.28567E+01    0.10929E+03
    0.29144E+01    0.10579E+03
    0.29733E+01    0.10239E+03
    0.30333E+01    0.99065E+02
    0.30946E+01    0.95827E+02
    0.31571E+01    0.92673E+02
    0.32209E+01    0.89602E+02
    0.32860E+01    0.86613E+02
    0.33523E+01    0.83705E+02
    0.34201E+01    0.80875E+02
    0.34892E+01    0.78124E+02
    0.35596E+01    0.75451E+02
    0.36316E+01    0.72852E+02
    0.37049E+01    0.70329E+02
    0.37798E+01    0.67879E+02
    0.38561E+01    0.65500E+02
    0.39340E+01    0.63192E+02
    0.40135E+01    0.60954E+02
    0.40946E+01    0.58783E+02
    0.41773E+01    0.56679E+02
    0.42617E+01    0.54639E+02
    0.43478E+01    0.52663E+02
    0.44356E+01    0.50750E+02
    0.45252E+01    0.48897E+02
    0.46166E+01    0.47103E+02
    0.47099E+01    0.45368E+02
    0.48050E+01    0.43689E+02
    0.49021E+01    0.42065E+02
    0.50011E+01    0.40495E+02
    0.51021E+01    0.38977E+02
    0.52052E+01    0.37510E+02
    0.53104E+01    0.36093E+02
    0.54176E+01    0.34724E+02
    0.55271E+01    0.33402E+02
    0.56387E+01    0.32126E+02
    0.57526E+01    0.30894E+02
    0.58689E+01    0.29706E+02
    0.59874E+01    0.28559E+02
    0.61084E+01    0.27452E+02
    0.62318E+01    0.26385E+02
    0.63577E+01    0.25357E+02
    0.64861E+01    0.24365E+02
    0.66171E+01    0.23409E+02
    0.67508E+01    0.22488E+02
    0.68872E+01    0.21601E+02
    0.70263E+01    0.20746E+02
    0.71682E+01    0.19923E+02
    0.73130E+01    0.19131E+02
    0.74608E+01    0.18368E+02
    0.76115E+01    0.17633E+02
    0.77653E+01    0.16926E+02
    0.79221E+01    0.16246E+02
    0.80822E+01    0.15592E+02
    0.82454E+01    0.14963E+02
    0.84120E+01    0.14357E+02
    0.85819E+01    0.13775E+02
    0.87553E+01    0.13215E+02
    0.89322E+01    0.12677E+02
    0.91126E+01    0.12160E+02
    0.92967E+01    0.11663E+02
    0.94845E+01    0.11185E+02
    0.96761E+01    0.10726E+02
    0.98716E+01    0.10285E+02
    0.10071E+02    0.98617E+01
    0.10274E+02    0.94549E+01
    0.10482E+02    0.90642E+01
    0.10694E+02    0.86890E+01
    0.10910E+02    0.83288E+01
    0.11130E+02    0.79829E+01
    0.11355E+02    0.76509E+01
    0.11584E+02    0.73323E+01
    0.11818E+02    0.70264E+01
    0.12057E+02    0.67330E+01
    0.12301E+02    0.64513E+01
    0.12549E+02    0.61811E+01
    0.12803E+02    0.59219E+01
    0.13061E+02    0.56733E+01
    0.13325E+02    0.54347E+01
    0.13594E+02    0.52060E+01
    0.13869E+02    0.49866E+01
    0.14149E+02    0.47762E+01
    0.14435E+02    0.45744E+01
    0.14727E+02    0.43810E+01
    0.15024E+02    0.41956E+01
    0.15328E+02    0.40178E+01
    0.15637E+02    0.38474E+01
    0.15953E+02    0.36840E+01
    0.16275E+02    0.35274E+01
    0.16604E+02    0.33774E+01
    0.16940E+02    0.32336E+01
    0.17282E+02    0.30958E+01
    0.17631E+02    0.29638E+01
    0.17987E+02    0.28372E+01
    0.18351E+02    0.27160E+01
    0.18721E+02    0.25999E+01
    0.19099E+02    0.24887E+01
    0.19485E+02    0.23821E+01
    0.19879E+02    0.22800E+01
    0.20280E+02    0.21822E+01
    0.20690E+02    0.20886E+01
    0.21108E+02    0.19989E+01
    0.21535E+02    0.19130E+01
    0.21970E+02    0.18307E+01
    0.22413E+02    0.17520E+01
    0.22866E+02    0.16765E+01
    0.23328E+02    0.16043E+01
    0.23799E+02    0.15352E+01
    0.24280E+02    0.14689E+01
    0.24771E+02    0.14056E+01
    0.25271E+02    0.13449E+01
    0.25782E+02    0.12868E+01
    0.26302E+02    0.12312E+01
    0.26834E+02    0.11779E+01
    0.27376E+02    0.11270E+01
    0.27929E+02    0.10782E+01
    0.28493E+02    0.10315E+01
    0.29069E+02    0.98680E+00
    0.29656E+02    0.94403E+00
    0.30255E+02    0.90310E+00
    0.30866E+02    0.86392E+00
    0.31490E+02    0.82643E+00
    0.32126E+02    0.79055E+00
    0.32775E+02    0.75622E+00
    0.33437E+02    0.72337E+00
    0.34112E+02    0.69193E+00
    0.34801E+02    0.66184E+00
    0.35504E+02    0.63306E+00
    0.36222E+02    0.60552E+00
    0.36953E+02    0.57916E+00
    0.37700E+02    0.55395E+00
    0.38462E+02    0.52983E+00
    0.39239E+02    0.50675E+00
    0.40031E+02    0.48466E+00
    0.40840E+02    0.46354E+00
    0.41665E+02    0.44333E+00
    0.42507E+02    0.42399E+00
    0.43365E+02    0.40550E+00
    0.44241E+02    0.38781E+00
    0.45135E+02    0.37088E+00
    0.46047E+02    0.35469E+00
    0.46977E+02    0.33920E+00
    0.47926E+02    0.32438E+00
    0.48894E+02    0.31021E+00
    0.49882E+02    0.29666E+00
    0.50890E+02    0.28369E+00
    0.51918E+02    0.27129E+00
    0.52966E+02    0.25943E+00
    0.54036E+02    0.24808E+00
    0.55128E+02    0.23723E+00
    0.56242E+02    0.22685E+00
    0.57378E+02    0.21693E+00
    0.58537E+02    0.20743E+00
    0.59720E+02    0.19835E+00
    0.60926E+02    0.18967E+00
    0.62157E+02    0.18136E+00
    0.63412E+02    0.17342E+00
    0.64693E+02    0.16582E+00
    0.66000E+02    0.15856E+00
    0.67334E+02    0.15161E+00
    0.68694E+02    0.14497E+00
    0.70082E+02    0.13862E+00
    0.71497E+02    0.13254E+00
    0.72942E+02    0.12673E+00
    0.74415E+02    0.12117E+00
    0.75918E+02    0.11586E+00
    0.77452E+02    0.11078E+00
    0.79017E+02    0.10592E+00
    0.80613E+02    0.10127E+00
    0.82241E+02    0.96829E-01
    0.83903E+02    0.92581E-01
    0.85598E+02    0.88518E-01
    0.87327E+02    0.84634E-01
    0.89091E+02    0.80919E-01
    0.90891E+02    0.77367E-01
    0.92727E+02    0.73970E-01
    0.94600E+02    0.70723E-01
    0.96511E+02    0.67618E-01
    0.98461E+02    0.64648E-01
    0.10045E+03    0.61809E-01
    0.10248E+03    0.59095E-01
